-1
-1
-1
-1
-1
-1
-1
-1
-1
-1
-1
-1
-1
-1
-1
-1
-1
-1
-1
-1
-1
-1
-1
-1
-1
-1
-1
-1
-1
-1
-1
-1
-1
-1
-1
-1
-1
-0.999999
-0.999999
-0.999999
-0.999998
-0.999998
-0.999997
-0.999996
-0.999995
-0.999993
-0.999991
-0.999988
-0.999984
-0.99998
-0.999974
-0.999966
-0.999957
-0.999946
-0.999931
-0.999914
-0.999892
-0.999866
-0.999834
-0.999795
-0.999749
-0.999694
-0.999628
-0.999551
-0.99946
-0.999354
-0.999231
-0.999089
-0.998925
-0.998738
-0.998525
-0.998284
-0.998013
-0.997709
-0.99737
-0.996994
-0.996578
-0.996121
-0.995621
-0.995075
-0.994483
-0.993843
-0.993153
-0.992414
-0.991623
-0.990781
-0.989887
-0.988942
-0.987944
-0.986896
-0.985796
-0.984646
-0.983447
-0.982198
-0.980903
-0.979561
-0.978173
-0.976742
-0.975268
-0.973753
-0.972198
-0.970605
-0.968974
-0.967308
-0.965608
-0.963875
-0.962111
-0.960317
-0.958493
-0.956643
-0.954765
-0.952863
-0.950937
-0.948988
-0.947017
-0.945026
-0.943014
-0.940984
-0.938936
-0.93687
-0.934788
-0.932691
-0.930579
-0.928452
-0.926313
-0.92416
-0.921995
-0.919818
-0.917631
-0.915432
-0.913224
-0.911006
-0.908778
-0.906542
-0.904298
-0.902045
-0.899785
-0.897517
-0.895243
-0.892961
-0.890673
-0.888379
-0.886079
-0.883774
-0.881463
-0.879147
-0.876826
-0.8745
-0.87217
-0.869835
-0.867496
-0.865153
-0.862806
-0.860455
-0.858101
-0.855743
-0.853382
-0.851017
-0.84865
-0.84628
-0.843906
-0.84153
-0.839152
-0.83677
-0.834387
-0.832001
-0.829612
-0.827222
-0.824829
-0.822434
-0.820037
-0.817638
-0.815238
-0.812835
-0.810431
-0.808025
-0.805617
-0.803208
-0.800797
-0.798385
-0.795971
-0.793556
-0.79114
-0.788722
-0.786303
-0.783883
-0.781461
-0.779038
-0.776614
-0.774189
-0.771763
-0.769336
-0.766908
-0.764479
-0.762049
-0.759618
-0.757186
-0.754753
-0.75232
-0.749885
-0.74745
-0.745014
-0.742577
-0.740139
-0.737701
-0.735262
-0.732822
-0.730381
-0.72794
-0.725498
-0.723056
-0.720613
-0.718169
-0.715725
-0.71328
-0.710834
-0.708388
-0.705942
-0.703495
-0.701047
-0.698599
-0.696151
-0.693702
-0.691252
-0.688802
-0.686352
-0.683901
-0.68145
-0.678998
-0.676546
-0.674093
-0.67164
-0.669187
-0.666733
-0.664279
-0.661825
-0.65937
-0.656915
-0.654459
-0.652003
-0.649547
-0.647091
-0.644634
-0.642177
-0.639719
-0.637261
-0.634803
-0.632345
-0.629886
-0.627428
-0.624968
-0.622509
-0.620049
-0.617589
-0.615129
-0.612669
-0.610208
-0.607747
-0.605286
-0.602824
-0.600362
-0.5979
-0.595438
-0.592976
-0.590513
-0.588051
-0.585588
-0.583124
-0.580661
-0.578197
-0.575733
-0.573269
-0.570805
-0.568341
-0.565876
-0.563411
-0.560946
-0.558481
-0.556016
-0.55355
-0.551085
-0.548619
-0.546153
-0.543686
-0.54122
-0.538753
-0.536287
-0.53382
-0.531353
-0.528886
-0.526418
-0.523951
-0.521483
-0.519016
-0.516548
-0.51408
-0.511611
-0.509143
-0.506675
-0.504206
-0.501737
-0.499268
-0.496799
-0.49433
-0.491861
-0.489391
-0.486922
-0.484452
-0.481982
-0.479512
-0.477042
-0.474572
-0.472102
-0.469631
-0.467161
-0.46469
-0.462219
-0.459748
-0.457277
-0.454806
-0.452335
-0.449863
-0.447392
-0.44492
-0.442448
-0.439976
-0.437504
-0.435032
-0.43256
-0.430088
-0.427615
-0.425143
-0.42267
-0.420197
-0.417725
-0.415252
-0.412779
-0.410305
-0.407832
-0.405359
-0.402885
-0.400412
-0.397938
-0.395464
-0.39299
-0.390516
-0.388042
-0.385568
-0.383093
-0.380619
-0.378144
-0.375669
-0.373195
-0.37072
-0.368245
-0.36577
-0.363294
-0.360819
-0.358344
-0.355868
-0.353393
-0.350917
-0.348441
-0.345965
-0.343489
-0.341013
-0.338536
-0.33606
-0.333584
-0.331107
-0.32863
-0.326153
-0.323676
-0.321199
-0.318722
-0.316245
-0.313767
-0.31129
-0.308812
-0.306334
-0.303857
-0.301379
-0.2989
-0.296422
-0.293944
-0.291465
-0.288987
-0.286508
-0.284029
-0.28155
-0.279071
-0.276592
-0.274112
-0.271633
-0.269153
-0.266674
-0.264194
-0.261714
-0.259233
-0.256753
-0.254273
-0.251792
-0.249311
-0.24683
-0.244349
-0.241868
-0.239386
-0.236905
-0.234423
-0.231941
-0.229459
-0.226977
-0.224495
-0.222012
-0.219529
-0.217046
-0.214563
-0.21208
-0.209596
-0.207113
-0.204629
-0.202145
-0.19966
-0.197176
-0.194691
-0.192206
-0.189721
-0.187235
-0.18475
-0.182264
-0.179777
-0.177291
-0.174804
-0.172317
-0.16983
-0.167342
-0.164855
-0.162366
-0.159878
-0.157389
-0.1549
-0.152411
-0.149921
-0.147431
-0.14494
-0.142449
-0.139958
-0.137466
-0.134974
-0.132481
-0.129988
-0.127495
-0.125001
-0.122506
-0.120011
-0.117516
-0.115019
-0.112523
-0.110025
-0.107527
-0.105028
-0.102529
-0.100028
-0.0975274
-0.0950255
-0.0925227
-0.090019
-0.0875143
-0.0850086
-0.0825017
-0.0799937
-0.0774845
-0.0749739
-0.0724619
-0.0699483
-0.0674332
-0.0649162
-0.0623974
-0.0598765
-0.0573533
-0.0548277
-0.0522994
-0.0497681
-0.0472335
-0.0446953
-0.0421529
-0.0396059
-0.0370536
-0.0344952
-0.0319297
-0.0293558
-0.026772
-0.024176
-0.0215649
-0.0189343
-0.0162778
-0.0135849
-0.0108368
-0.00799366
-0.00494036
0.00494036
0.00799366
0.0108368
0.0135849
0.0162778
0.0189343
0.0215649
0.024176
0.026772
0.0293558
0.0319297
0.0344952
0.0370536
0.0396059
0.0421529
0.0446953
0.0472335
0.0497681
0.0522994
0.0548277
0.0573533
0.0598765
0.0623974
0.0649162
0.0674332
0.0699483
0.0724619
0.0749739
0.0774845
0.0799937
0.0825017
0.0850086
0.0875143
0.090019
0.0925227
0.0950255
0.0975274
0.100028
0.102529
0.105028
0.107527
0.110025
0.112523
0.115019
0.117516
0.120011
0.122506
0.125001
0.127495
0.129988
0.132481
0.134974
0.137466
0.139958
0.142449
0.14494
0.147431
0.149921
0.152411
0.1549
0.157389
0.159878
0.162366
0.164855
0.167342
0.16983
0.172317
0.174804
0.177291
0.179777
0.182264
0.18475
0.187235
0.189721
0.192206
0.194691
0.197176
0.19966
0.202145
0.204629
0.207113
0.209596
0.21208
0.214563
0.217046
0.219529
0.222012
0.224495
0.226977
0.229459
0.231941
0.234423
0.236905
0.239386
0.241868
0.244349
0.24683
0.249311
0.251792
0.254273
0.256753
0.259233
0.261714
0.264194
0.266674
0.269153
0.271633
0.274112
0.276592
0.279071
0.28155
0.284029
0.286508
0.288987
0.291465
0.293944
0.296422
0.2989
0.301379
0.303857
0.306334
0.308812
0.31129
0.313767
0.316245
0.318722
0.321199
0.323676
0.326153
0.32863
0.331107
0.333584
0.33606
0.338536
0.341013
0.343489
0.345965
0.348441
0.350917
0.353393
0.355868
0.358344
0.360819
0.363294
0.36577
0.368245
0.37072
0.373195
0.375669
0.378144
0.380619
0.383093
0.385568
0.388042
0.390516
0.39299
0.395464
0.397938
0.400412
0.402885
0.405359
0.407832
0.410305
0.412779
0.415252
0.417725
0.420197
0.42267
0.425143
0.427615
0.430088
0.43256
0.435032
0.437504
0.439976
0.442448
0.44492
0.447392
0.449863
0.452335
0.454806
0.457277
0.459748
0.462219
0.46469
0.467161
0.469631
0.472102
0.474572
0.477042
0.479512
0.481982
0.484452
0.486922
0.489391
0.491861
0.49433
0.496799
0.499268
0.501737
0.504206
0.506675
0.509143
0.511611
0.51408
0.516548
0.519016
0.521483
0.523951
0.526418
0.528886
0.531353
0.53382
0.536287
0.538753
0.54122
0.543686
0.546153
0.548619
0.551085
0.55355
0.556016
0.558481
0.560946
0.563411
0.565876
0.568341
0.570805
0.573269
0.575733
0.578197
0.580661
0.583124
0.585588
0.588051
0.590513
0.592976
0.595438
0.5979
0.600362
0.602824
0.605286
0.607747
0.610208
0.612669
0.615129
0.617589
0.620049
0.622509
0.624968
0.627428
0.629886
0.632345
0.634803
0.637261
0.639719
0.642177
0.644634
0.647091
0.649547
0.652003
0.654459
0.656915
0.65937
0.661825
0.664279
0.666733
0.669187
0.67164
0.674093
0.676546
0.678998
0.68145
0.683901
0.686352
0.688802
0.691252
0.693702
0.696151
0.698599
0.701047
0.703495
0.705942
0.708388
0.710834
0.71328
0.715725
0.718169
0.720613
0.723056
0.725498
0.72794
0.730381
0.732822
0.735262
0.737701
0.740139
0.742577
0.745014
0.74745
0.749885
0.75232
0.754753
0.757186
0.759618
0.762049
0.764479
0.766908
0.769336
0.771763
0.774189
0.776614
0.779038
0.781461
0.783883
0.786303
0.788722
0.79114
0.793556
0.795971
0.798385
0.800797
0.803208
0.805617
0.808025
0.810431
0.812835
0.815238
0.817638
0.820037
0.822434
0.824829
0.827222
0.829612
0.832001
0.834387
0.83677
0.839152
0.84153
0.843906
0.84628
0.84865
0.851017
0.853382
0.855743
0.858101
0.860455
0.862806
0.865153
0.867496
0.869835
0.87217
0.8745
0.876826
0.879147
0.881463
0.883774
0.886079
0.888379
0.890673
0.892961
0.895243
0.897517
0.899785
0.902045
0.904298
0.906542
0.908778
0.911006
0.913224
0.915432
0.917631
0.919818
0.921995
0.92416
0.926313
0.928452
0.930579
0.932691
0.934788
0.93687
0.938936
0.940984
0.943014
0.945026
0.947017
0.948988
0.950937
0.952863
0.954765
0.956643
0.958493
0.960317
0.962111
0.963875
0.965608
0.967308
0.968974
0.970605
0.972198
0.973753
0.975268
0.976742
0.978173
0.979561
0.980903
0.982198
0.983447
0.984646
0.985796
0.986896
0.987944
0.988942
0.989887
0.990781
0.991623
0.992414
0.993153
0.993843
0.994483
0.995075
0.995621
0.996121
0.996578
0.996994
0.99737
0.997709
0.998013
0.998284
0.998525
0.998738
0.998925
0.999089
0.999231
0.999354
0.99946
0.999551
0.999628
0.999694
0.999749
0.999795
0.999834
0.999866
0.999892
0.999914
0.999931
0.999946
0.999957
0.999966
0.999974
0.99998
0.999984
0.999988
0.999991
0.999993
0.999995
0.999996
0.999997
0.999998
0.999998
0.999999
0.999999
0.999999
1
1
1
1
1
1
1
1
1
1
1
1
1
1
1
1
1
1
1
1
1
1
1
1
1
1
1
1
1
1
1
1
1
1
1
1
1
