0
0
0
0
0
0
0
0
0
0
0
0
0
0
0
0
0
0
0
0
0
0
0
0
0
0
0
0
0
0
0
0
0
0
0
0
0
0
0
0
0
0
0
0
0
0
0
0
0
0
0
0
0
0
0
0
0
0
0
0
0
0
0
0
0
0
0
0
0
0
0
0
0
0
0
0
0
0
0
0
0
0
0
0
0
0
0
0
0
0
0
0
0
0
0
0
0
0
0
0
0
0
0
0
0
0
0
0
0
0
0
0
0
0
0
0
0
0
0
0
0
0
0
0
0
0
0
0
0
0
0
0
0
0
0
0
0
0
0
0
0
0
0
0
0
0
0
0
0
0
0
0
0
0
0
0
0
0
0
0
0
0
0
0
0
0
0
0
0
0
0
0
0
0
0
0
0
0
0
0
0
0
0
0
0
0
0
0
0
0
0
0
0
0
0
0
0
0
0
0
0
0
0
0
0
0
0
0
0
0
0
0
0
0
0
0
0
0
0
0
0
0
0
0
0
0
0
0
0
0
0
0
0
0
0
0
0
0
0
0
0
0
0
0
0
0
0
0
0
0
0
0
0
0
0
0
0
0
0
0
0
0
0
0
0
0
0
0
0
0
0
0
0
0
0
0
0
0
0
0
0
0
0
0
0
0
0
0
0
0
0
0
0
0
0
0
0
0
0
0
0
0
0
0
0
0
0
0
0
0
0
0
0
0
0
0
0
0
0
0
0
0
0
0
0
0
0
0
0
0
0
0
0
0
0.00394566
0.00642269
0.00875535
0.011031
0.0132782
0.0155093
0.0177307
0.019946
0.0221572
0.0243657
0.0265722
0.0287775
0.0309817
0.0331852
0.0353882
0.0375908
0.0397931
0.0419951
0.0441969
0.0463986
0.0486001
0.0508016
0.0530029
0.0552041
0.0574053
0.0596064
0.0618074
0.0640084
0.0662093
0.0684101
0.0706109
0.0728116
0.0750123
0.0772129
0.0794134
0.0816139
0.0838143
0.0860147
0.088215
0.0904152
0.0926154
0.0948155
0.0970155
0.0992155
0.101415
0.103615
0.105815
0.108015
0.110214
0.112414
0.114613
0.116813
0.119012
0.121211
0.12341
0.125609
0.127808
0.130007
0.132206
0.134405
0.136603
0.138802
0.141
0.143199
0.145397
0.147595
0.149793
0.151991
0.154189
0.156387
0.158584
0.160782
0.162979
0.165177
0.167374
0.169571
0.171768
0.173965
0.176162
0.178359
0.180555
0.182752
0.184948
0.187144
0.18934
0.191536
0.193732
0.195928
0.198123
0.200319
0.202514
0.204709
0.206904
0.209099
0.211294
0.213489
0.215683
0.217878
0.220072
0.222266
0.22446
0.226654
0.228847
0.231041
0.233234
0.235427
0.23762
0.239813
0.242006
0.244199
0.246391
0.248583
0.250775
0.252967
0.255159
0.257351
0.259542
0.261733
0.263924
0.266115
0.268306
0.270497
0.272687
0.274877
0.277067
0.279257
0.281447
0.283636
0.285825
0.288014
0.290203
0.292392
0.29458
0.296769
0.298957
0.301145
0.303332
0.30552
0.307707
0.309894
0.312081
0.314268
0.316454
0.31864
0.320826
0.323012
0.325197
0.327383
0.329568
0.331753
0.333937
0.336122
0.338306
0.34049
0.342674
0.344857
0.34704
0.349223
0.351406
0.353588
0.355771
0.357953
0.360134
0.362316
0.364497
0.366678
-0.366678
-0.364497
-0.362316
-0.360134
-0.357953
-0.355771
-0.353588
-0.351406
-0.349223
-0.34704
-0.344857
-0.342674
-0.34049
-0.338306
-0.336122
-0.333937
-0.331753
-0.329568
-0.327383
-0.325197
-0.323012
-0.320826
-0.31864
-0.316454
-0.314268
-0.312081
-0.309894
-0.307707
-0.30552
-0.303332
-0.301145
-0.298957
-0.296769
-0.29458
-0.292392
-0.290203
-0.288014
-0.285825
-0.283636
-0.281447
-0.279257
-0.277067
-0.274877
-0.272687
-0.270497
-0.268306
-0.266115
-0.263924
-0.261733
-0.259542
-0.257351
-0.255159
-0.252967
-0.250775
-0.248583
-0.246391
-0.244199
-0.242006
-0.239813
-0.23762
-0.235427
-0.233234
-0.231041
-0.228847
-0.226654
-0.22446
-0.222266
-0.220072
-0.217878
-0.215683
-0.213489
-0.211294
-0.209099
-0.206904
-0.204709
-0.202514
-0.200319
-0.198123
-0.195928
-0.193732
-0.191536
-0.18934
-0.187144
-0.184948
-0.182752
-0.180555
-0.178359
-0.176162
-0.173965
-0.171768
-0.169571
-0.167374
-0.165177
-0.162979
-0.160782
-0.158584
-0.156387
-0.154189
-0.151991
-0.149793
-0.147595
-0.145397
-0.143199
-0.141
-0.138802
-0.136603
-0.134405
-0.132206
-0.130007
-0.127808
-0.125609
-0.12341
-0.121211
-0.119012
-0.116813
-0.114613
-0.112414
-0.110214
-0.108015
-0.105815
-0.103615
-0.101415
-0.0992155
-0.0970155
-0.0948155
-0.0926154
-0.0904152
-0.088215
-0.0860147
-0.0838143
-0.0816139
-0.0794134
-0.0772129
-0.0750123
-0.0728116
-0.0706109
-0.0684101
-0.0662093
-0.0640084
-0.0618074
-0.0596064
-0.0574053
-0.0552041
-0.0530029
-0.0508016
-0.0486001
-0.0463986
-0.0441969
-0.0419951
-0.0397931
-0.0375908
-0.0353882
-0.0331852
-0.0309817
-0.0287775
-0.0265722
-0.0243657
-0.0221572
-0.019946
-0.0177307
-0.0155093
-0.0132782
-0.011031
-0.00875535
-0.00642269
-0.00394566
-2.44929e-16
0
0
0
0
0
0
0
0
0
0
0
0
0
0
0
0
0
0
0
0
0
0
0
0
0
0
0
0
0
0
0
0
0
0
0
0
0
0
0
0
0
0
0
0
0
0
0
0
0
0
0
0
0
0
0
0
0
0
0
0
0
0
0
0
0
0
0
0
0
0
0
0
0
0
0
0
0
0
0
0
0
0
0
0
0
0
0
0
0
0
0
0
0
0
0
0
0
0
0
0
0
0
0
0
0
0
0
0
0
0
0
0
0
0
0
0
0
0
0
0
0
0
0
0
0
0
0
0
0
0
0
0
0
0
0
0
0
0
0
0
0
0
0
0
0
0
0
0
0
0
0
0
0
0
0
0
0
0
0
0
0
0
0
0
0
0
0
0
0
0
0
0
0
0
0
0
0
0
0
0
0
0
0
0
0
0
0
0
0
0
0
0
0
0
0
0
0
0
0
0
0
0
0
0
0
0
0
0
0
0
0
0
0
0
0
0
0
0
0
0
0
0
0
0
0
0
0
0
0
0
0
0
0
0
0
0
0
0
0
0
0
0
0
0
0
0
0
0
0
0
0
0
0
0
0
0
0
0
0
0
0
0
0
0
0
0
0
0
0
0
0
0
0
0
0
0
0
0
0
0
0
0
0
0
0
0
0
0
0
0
0
0
0
0
0
0
0
0
0
0
0
0
0
0
0
0
0
0
0
0
0
0
0
0
0
0
0
0
0
0
0
0
0
0
0
0
0
0
0
0
0
0
0
