0
0
0
0
0
0
0
0
0
0
0
0
0
0
0
0
0
0
0
0
0
0
0
0
0
0
0
0
0
0
0
0
0
0
0
0
0
0
0
0
0
0
0
0
0
0
0
0
0
0
0
0
0
0
0
0
0
0
0
0
0
0
0
0
0
0
0
0
0
0
0
0
0
0
0
0
0
0
0
0
0
0
0
0
0
0
0
0
0
0
0
0
0
0
0
0
0
0
0
0
0
0
0
0
0
0
0
0
0
0
0
0
0
0
0
0
0
0
0
0
0
0
0
0
0
0
0
0
0
0
0
0
0
0
0
0
0
0
0
0
0
0
0
0
0
0
0
0
0
0
0
0
0
0
0
0
0
0
0
0
0
0
0
0
0
0
0
0
0
0
0
0
0
0
0
0
0
0
0
0
0
0
0
0
0
0
0
0
0
0
0
0
0
0
0
0
0
0
0
0
0
0
0
0
0
0
0
0
0
0
0
0
0
0
0
0
0
0
0
0
0
0
0
0
0
0
0
0
0
0
0
0
0
0
0
0
0
0
0
0
0
0
0
0
0
0
0
0
0
0
0
0
0
0
0
0
0
0
0
0
0
0
0
0
0
0
0
0
0
0
0
0
0
0
0
0
0
0
0
0
0
0
0
0
0
0
0
0
0
0
0
0
0
0
0
0
0
0
0
0
0
0
0
0
0
0
0
0
0
0
0
0
0
0
0
0
0
0
0
0
0
0
0
0
0
0
0
0
0
0
0
0
0
0
0.0187784
0.0374613
0.0561312
0.0747815
0.0934059
0.111998
0.130551
0.149059
0.167515
0.185913
0.204247
0.22251
0.240696
0.258798
0.276811
0.294728
0.312543
0.330249
0.347841
0.365312
0.382657
0.399869
0.416942
0.433871
0.450649
0.46727
0.48373
0.500021
0.516139
0.532077
0.547831
0.563394
0.578761
0.593927
0.608886
0.623633
0.638163
0.652471
0.666552
0.6804
0.694011
0.70738
0.720502
0.733373
0.745988
0.758342
0.770431
0.782251
0.793797
0.805066
0.816052
0.826753
0.837164
0.847282
0.857103
0.866623
0.875839
0.884747
0.893345
0.901628
0.909595
0.917241
0.924565
0.931563
0.938233
0.944572
0.950578
0.956248
0.961581
0.966574
0.971226
0.975534
0.979497
0.983113
0.986381
0.989299
0.991867
0.994083
0.995946
0.997456
0.998611
0.999411
0.999856
0.999944
0.999677
0.999054
0.998074
0.996739
0.995048
0.993002
0.990601
0.987846
0.984737
0.981277
0.977465
0.973303
0.968793
0.963935
0.958731
0.953184
0.947294
0.941064
0.934495
0.927591
0.920353
0.912783
0.904885
0.896661
0.888113
0.879246
0.870061
0.860562
0.850752
0.840635
0.830215
0.819493
0.808476
0.797166
0.785567
0.773684
0.76152
0.74908
0.736369
0.72339
0.710149
0.69665
0.682898
0.668897
0.654654
0.640173
0.625458
0.610516
0.595352
0.579972
0.564379
0.548582
0.532584
0.516392
0.500012
0.48345
0.466711
0.449802
0.432728
0.415497
0.398113
0.380585
0.362917
0.345117
0.32719
0.309144
0.290985
0.272719
0.254353
0.235895
0.21735
0.198725
0.180028
0.161265
0.142442
0.123568
0.104648
0.0856898
0.0667001
0.0476859
0.0286542
0.00961185
-0.00961185
-0.0286542
-0.0476859
-0.0667001
-0.0856898
-0.104648
-0.123568
-0.142442
-0.161265
-0.180028
-0.198725
-0.21735
-0.235895
-0.254353
-0.272719
-0.290985
-0.309144
-0.32719
-0.345117
-0.362917
-0.380585
-0.398113
-0.415497
-0.432728
-0.449802
-0.466711
-0.48345
-0.500012
-0.516392
-0.532584
-0.548582
-0.564379
-0.579972
-0.595352
-0.610516
-0.625458
-0.640173
-0.654654
-0.668897
-0.682898
-0.69665
-0.710149
-0.72339
-0.736369
-0.74908
-0.76152
-0.773684
-0.785567
-0.797166
-0.808476
-0.819493
-0.830215
-0.840635
-0.850752
-0.860562
-0.870061
-0.879246
-0.888113
-0.896661
-0.904885
-0.912783
-0.920353
-0.927591
-0.934495
-0.941064
-0.947294
-0.953184
-0.958731
-0.963935
-0.968793
-0.973303
-0.977465
-0.981277
-0.984737
-0.987846
-0.990601
-0.993002
-0.995048
-0.996739
-0.998074
-0.999054
-0.999677
-0.999944
-0.999856
-0.999411
-0.998611
-0.997456
-0.995946
-0.994083
-0.991867
-0.989299
-0.986381
-0.983113
-0.979497
-0.975534
-0.971226
-0.966574
-0.961581
-0.956248
-0.950578
-0.944572
-0.938233
-0.931563
-0.924565
-0.917241
-0.909595
-0.901628
-0.893345
-0.884747
-0.875839
-0.866623
-0.857103
-0.847282
-0.837164
-0.826753
-0.816052
-0.805066
-0.793797
-0.782251
-0.770431
-0.758342
-0.745988
-0.733373
-0.720502
-0.70738
-0.694011
-0.6804
-0.666552
-0.652471
-0.638163
-0.623633
-0.608886
-0.593927
-0.578761
-0.563394
-0.547831
-0.532077
-0.516139
-0.500021
-0.48373
-0.46727
-0.450649
-0.433871
-0.416942
-0.399869
-0.382657
-0.365312
-0.347841
-0.330249
-0.312543
-0.294728
-0.276811
-0.258798
-0.240696
-0.22251
-0.204247
-0.185913
-0.167515
-0.149059
-0.130551
-0.111998
-0.0934059
-0.0747815
-0.0561312
-0.0374613
-0.0187784
-2.44929e-16
0
0
0
0
0
0
0
0
0
0
0
0
0
0
0
0
0
0
0
0
0
0
0
0
0
0
0
0
0
0
0
0
0
0
0
0
0
0
0
0
0
0
0
0
0
0
0
0
0
0
0
0
0
0
0
0
0
0
0
0
0
0
0
0
0
0
0
0
0
0
0
0
0
0
0
0
0
0
0
0
0
0
0
0
0
0
0
0
0
0
0
0
0
0
0
0
0
0
0
0
0
0
0
0
0
0
0
0
0
0
0
0
0
0
0
0
0
0
0
0
0
0
0
0
0
0
0
0
0
0
0
0
0
0
0
0
0
0
0
0
0
0
0
0
0
0
0
0
0
0
0
0
0
0
0
0
0
0
0
0
0
0
0
0
0
0
0
0
0
0
0
0
0
0
0
0
0
0
0
0
0
0
0
0
0
0
0
0
0
0
0
0
0
0
0
0
0
0
0
0
0
0
0
0
0
0
0
0
0
0
0
0
0
0
0
0
0
0
0
0
0
0
0
0
0
0
0
0
0
0
0
0
0
0
0
0
0
0
0
0
0
0
0
0
0
0
0
0
0
0
0
0
0
0
0
0
0
0
0
0
0
0
0
0
0
0
0
0
0
0
0
0
0
0
0
0
0
0
0
0
0
0
0
0
0
0
0
0
0
0
0
0
0
0
0
0
0
0
0
0
0
0
0
0
0
0
0
0
0
0
0
0
0
0
0
0
0
0
0
0
0
0
0
0
0
0
0
0
0
0
0
0
0
