0
0
0
0
0
0
0
0
0
0
0
0
0
0
0
0
0
0
0
0
0
0
0
0
0
0
0
0
0
0
0
0
0
0.0594102
0.0960983
0.130233
0.163196
0.195462
0.227253
0.258691
0.289847
0.320768
0.351481
0.382005
0.412348
0.442515
0.472503
0.502307
0.531914
0.561308
0.590469
0.619366
0.647966
0.676224
0.704087
0.731487
0.758344
0.784559
0.810013
0.834564
0.858047
0.880269
0.901017
0.920065
0.937185
0.952178
0.964896
0.97528
0.983389
0.989402
0.993611
0.996377
0.998074
0.999044
0.999558
0.999809
0.999911
0.999821
0.998283
0.981098
0.824879
0.28517
0.00822237
7.40032e-07
4.80861e-17
1.23114e-42
6.31932e-107
1.98188e-268
0
0
0
0
0
0
0
0
0
0
0
0
