0
0
0
0
0
0
0
0
0
0
0
0
0
0
0
0
0
0
0
0
0
0
0
0
0
0
0
0
0
0
0
0
0
0.0517016
0.0836363
0.113355
0.142062
0.170171
0.197877
0.225286
0.252465
0.279455
0.306283
0.332968
0.359522
0.385954
0.412268
0.438464
0.464542
0.490498
0.516325
0.542015
0.567557
0.592934
0.61813
0.643122
0.667882
0.692378
0.716571
0.740412
0.763844
0.786799
0.809194
0.830934
0.851906
0.871978
0.891005
0.908823
0.925264
0.940158
0.953355
0.964739
0.974253
0.981914
0.987829
0.992183
0.995225
0.997235
0.998482
0.99917
0.999079
0.993757
0.936032
0.573214
0.069615
0.000180078
4.78189e-11
1.4355e-27
4.47032e-69
2.40379e-173
0
0
0
0
0
0
0
0
0
0
