0
0
0
0
0
0
0
0
0
0
0
0
0
0
0
0
0
0
0
0
0
0
0
0
0
0
0
0
0
0
0
0
0
0.0457727
0.0740492
0.100368
0.125794
0.150696
0.175247
0.199541
0.223638
0.247576
0.27138
0.295068
0.318653
0.342145
0.365548
0.388867
0.412103
0.435258
0.458331
0.481318
0.504217
0.527022
0.549726
0.572322
0.594798
0.617143
0.639342
0.661376
0.683226
0.704865
0.726264
0.747388
0.768194
0.788633
0.808647
0.828166
0.847111
0.86539
0.882898
0.899518
0.915123
0.929582
0.942764
0.954552
0.964852
0.973612
0.980832
0.986573
0.990958
0.994151
0.996229
0.995947
0.977494
0.806239
0.257339
0.00615138
3.54827e-07
7.61097e-18
1.20706e-44
5.74723e-112
4.37785e-281
0
0
0
0
0
0
0
