-1
-1
-1
-1
-1
-1
-1
-1
-1
-0.999998
-0.999993
-0.999977
-0.99993
-0.999806
-0.999508
-0.998858
-0.997571
-0.995238
-0.991359
-0.985402
-0.976896
-0.965516
-0.951123
-0.933763
-0.913627
-0.890995
-0.866186
-0.839519
-0.811288
-0.781753
-0.751132
-0.719609
-0.687332
-0.654422
-0.620975
-0.587068
-0.552759
-0.518095
-0.483109
-0.447823
-0.41225
-0.376391
-0.340238
-0.303765
-0.266926
-0.229642
-0.191775
-0.153068
-0.112967
-0.0698483
0.0698483
0.112967
0.153068
0.191775
0.229642
0.266926
0.303765
0.340238
0.376391
0.41225
0.447823
0.483109
0.518095
0.552759
0.587068
0.620975
0.654422
0.687332
0.719609
0.751132
0.781753
0.811288
0.839519
0.866186
0.890995
0.913627
0.933763
0.951123
0.965516
0.976896
0.985402
0.991359
0.995238
0.997571
0.998858
0.999508
0.999806
0.99993
0.999977
0.999993
0.999998
1
1
1
1
1
1
1
1
1
