-1
-1
-0.999999
-0.999997
-0.999991
-0.999972
-0.999924
-0.99981
-0.999558
-0.999044
-0.998074
-0.996377
-0.993611
-0.989402
-0.983389
-0.97528
-0.964896
-0.952178
-0.937185
-0.920065
-0.901017
-0.880269
-0.858047
-0.834564
-0.810013
-0.784559
-0.758344
-0.731487
-0.704087
-0.676224
-0.647966
-0.619366
-0.590469
-0.561308
-0.531914
-0.502307
-0.472503
-0.442515
-0.412348
-0.382005
-0.351481
-0.320768
-0.289847
-0.258691
-0.227253
-0.195462
-0.163196
-0.130233
-0.0960983
-0.0594102
0.0594102
0.0960983
0.130233
0.163196
0.195462
0.227253
0.258691
0.289847
0.320768
0.351481
0.382005
0.412348
0.442515
0.472503
0.502307
0.531914
0.561308
0.590469
0.619366
0.647966
0.676224
0.704087
0.731487
0.758344
0.784559
0.810013
0.834564
0.858047
0.880269
0.901017
0.920065
0.937185
0.952178
0.964896
0.97528
0.983389
0.989402
0.993611
0.996377
0.998074
0.999044
0.999558
0.99981
0.999924
0.999972
0.999991
0.999997
0.999999
1
1
