-1
-0.999826
-0.99962
-0.999218
-0.998486
-0.997235
-0.995225
-0.992183
-0.987829
-0.981914
-0.974253
-0.964739
-0.953355
-0.940158
-0.925264
-0.908823
-0.891005
-0.871978
-0.851906
-0.830934
-0.809194
-0.786799
-0.763844
-0.740412
-0.716571
-0.692378
-0.667882
-0.643122
-0.61813
-0.592934
-0.567557
-0.542015
-0.516325
-0.490498
-0.464542
-0.438464
-0.412268
-0.385954
-0.359522
-0.332968
-0.306283
-0.279455
-0.252465
-0.225286
-0.197877
-0.170171
-0.142062
-0.113355
-0.0836363
-0.0517016
0
0
0
0
0
0
0
0
0
0
0
0
0
0
0
0
0
0
0
0
0
0
0
0
0
0
0
0
0
0
0
0
0
0
0
0
0
0
0
0
0
0
0
0
0
0
0
0
0
0
