-1
-0.994166
-0.990959
-0.986573
-0.980832
-0.973612
-0.964852
-0.954552
-0.942764
-0.929582
-0.915123
-0.899518
-0.882898
-0.86539
-0.847111
-0.828166
-0.808647
-0.788633
-0.768194
-0.747388
-0.726264
-0.704865
-0.683226
-0.661376
-0.639342
-0.617143
-0.594798
-0.572322
-0.549726
-0.527022
-0.504217
-0.481318
-0.458331
-0.435258
-0.412103
-0.388867
-0.365548
-0.342145
-0.318653
-0.295068
-0.27138
-0.247576
-0.223638
-0.199541
-0.175247
-0.150696
-0.125794
-0.100368
-0.0740492
-0.0457727
0
0
0
0
0
0
0
0
0
0
0
0
0
0
0
0
0
0
0
0
0
0
0
0
0
0
0
0
0
0
0
0
0
0
0
0
0
0
0
0
0
0
0
0
0
0
0
0
0
0
